function [data,z] = load_data()

% columns h c j
% h in 1...H = 10
% c in 1...C =  2
% j in 
%   1...4 if c==1
%   1...4 if c==2

data = [
1	1	1
1	1	1
1	2	2
1	2	1
2	1	1
2	1	2
2	2	1
2	2	1
3	1	2
3	1	1
3	2	1
3	2	1
4	1	1
4	1	1
4	2	1
4	2	2
5	1	1
5	1	2
5	2	1
5	2	1
6	1	2
6	1	2
6	2	1
6	2	2
7	1	2
7	1	1
7	2	2
7	2	2
8	1	2
8	1	2
8	2	2
8	2	1
9	1	1
9	1	2
9	2	2
9	2	2
10	1	1
10	1	2
10	2	2
10	2	2
];

z=[1;0;0;1;1;0;0;0;1;0;];


end